0class
17
41
43
45
47
58
59
70
71
81
91
96
108
111
116
139
144
162
171
172
176
177
199
201
206
210
212
215
218
232
239
249
279
291
298
302
310
317
320
324
344
345
351
371
372
375
377
393
400
408
409
410
417
422
425
441
447
454
484
499
504
505
515
539
563
568
581
582
590
597
598
608
626
631
638
655
657
662
667
670
675
683
691
696
698
699
704
706
707
709
725
732
735
739
756
770
786
801
811
827
843
846
848
860
867
886
888
895
910
921
929
931
951
977
978
980
984
1002
1013
1017
1025
1031
1039
1049
1053
1054
1059
1060
1071
1096
1100
1104
1130
1140
1144
1149
1162
1177
1180
1181
1189
1202
1224
1235
1237
1252
1264
1267
1283
1284
1290
1305
1317
1320
1324
1327
1328
1330
1332
1361
1379
1387
1388
1399
1401
1430
1432
1440
1458
1459
1464
1467
1469
1494
1496
1503
1505
1512
1522
1524
1525
1530
1531
1533
1537
1544
1546
1550
1556
1566
1570
1574
1578
1593
1608
1616
1625
1628
1629
1643
1644
1658
1662
1664
1675
1682
1690
1691
1705
1709
1715
1725
1729
1731
1733
1760
1771
1772
1774
1785
1804
1819
1821
1822
1857
1861
1863
1877
1900
1907
1920
1923
1926
1930
1943
1945
1957
1960
1963
1966
1985
1988
1993
2007
2012
2022
2035
2040
2042
2046
2055
2067
2076
2079
2082
2102
2119
2124
2140
2143
2144
2146
2150
2171
2184
2186
2189
2195
2209
2218
2224
2228
2232
2233
2242
2243
2245
2265
2270
2274
2285
2288
2293
2304
2306
2315
2322
2329
2330
2335
2336
2341
2346
2357
2358
2362
2369
2372
2380
2381
2400
2410
2413
2417
2427
2439
2445
2483
2502
2510
2518
2550
2569
2573
2584
2595
2601
2612
2614
2625
2637
2638
2649
2650
2652
2661
2680
2682
2685
2695
2711
2714
2718
2723
2724
2741
2748
2749
2753
2755
2758
2767
2769
2773
2795
2807
2824
2828
2839
2842
2852
2857
2860
2870
2893
2897
2903
2914
2917
2918
2920
2933
2937
2943
2947
2954
2961
2975
2976
2991
2996
3000
3009
3015
3019
3020
3023
3028
3039
3046
3053
3058
3060
3081
3086
3088
3101
3104
3131
3135
3137
3150
3155
3162
3164
3174
3182
3187
3193
3201
3207
3221
3223
3233
3247
3253
3269
3281
3282
3285
3310
3324
3326
3337
3342
3347
3348
3356
3367
3382
3384
3395
3399
3401
3403
3407
3408
3422
3428
3432
3437
3442
3450
3452
3455
3457
3471
3480
3487
3497
3498
3502
3508
3525
3538
3539
3542
3544
3545
3552
3553
3554
3555
3558
3560
3563
3567
3570
3576
3586
3594
3595
3606
3618
3622
3627
3628
3629
3631
3634
3645
3648
3649
3656
3664
3667
3669
3673
3691
3696
3698
3704
3720
3733
3735
3737
3738
3742
3750
3755
3760
3766
3778
3797
3799
3810
3818
3832
3835
3837
3838
3847
3860
3866
3884
3909
3919
3925
3931
3947
3973
3983
3986
4008
4009
4027
4029
4030
4031
4034
4046
4049
4059
4061
4071
4077
4078
4111
4112
4116
4132
4136
4143
4174
4182
4191
4197
4202
4203
4221
4222
4238
4241
4244
4262
4268
4278
4287
4300
4305
4306
4313
4314
4319
4326
4336
4357
4376
4380
4389
4394
4408
4418
4423
4425
4429
4433
4434
4441
4452
4456
4475
4476
4477
4490
4494
4498
4499
4501
4503
4511
4515
4518
4525
4544
4545
4562
4564
4568
4574
4582
4583
4597
4607
4619
4626
4640
4642
4661
4667
4668
4684
4696
4698
4700
4709
4719
4727
4745
4754
4756
4775
4789
4791
4793
4801
4808
4815
4823
4844
4851
4854
4857
4866
4868
4884
4895
4898
4903
4915
4926
4929
4939
4959
4966
4970
4980
4996
5004
5005
5010
5016
5020
5026
5044
5045
5047
5053
5058
5060
5061
5066
5075
5079
5083
5129
5132
5139
5152
5156
5158
5165
5177
5185
5189
5198
5205
5211
5232
5237
5243
5245
5252
5254
5258
5259
5262
5275
5283
5285
5289
5290
5293
5298
5314
5322
5325
5336
5343
5346
5348
5361
5375
5405
5415
5423
5426
5432
5443
5455
5464
5473
5489
5491
5493
5513
5536
5538
5542
5543
5550
5561
5577
5589
5593
5599
5600
5602
5609
5610
5615
5616
5621
5625
5631
5634
5638
5639
5641
5649
5664
5668
5671
5672
5674
5680
5689
5690
5696
5709
5711
5722
5731
5734
5735
5737
5748
5754
5761
5770
5773
5784
5795
5799
5824
5827
5833
5834
5843
5855
5860
5865
5870
5876
5882
5886
5899
5906
5920
5927
5936
5937
5938
5941
5959
5961
5973
5978
5982
5985
5993
5995
5997
6003
6007
6017
6018
6020
6043
6067
6079
6083
6086
6089
6090
6091
6099
6107
6116
6128
6130
6137
6142
6148
6165
6174
6180
6187
6202
6217
6224
6226
6230
6236
6237
6239
6243
6245
6249
6260
6268
6274
6284
6285
6291
6294
6330
6332
6355
6380
6383
6385
6391
6399
6427
6437
6439
6442
6447
6448
6449
6450
6467
6473
6486
6492
6500
6509
6512
6526
6530
6541
6551
6558
6583
6594
6597
6601
6608
6612
6613
6617
6642
6653
6661
6669
6681
6682
6683
6687
6697
6704
6721
6724
6737
6758
6761
6764
6768
6777
6781
6782
6789
6799
6800
6805
6810
6813
6817
6827
6831
6848
6860
6864
6865
6871
6884
6891
6911
6914
6918
6935
6942
6943
6947
6949
6950
6951
6957
6960
6963
6964
6977
6982
6985
6997
7007
7012
7014
7023
7026
7028
7032
7033
7045
7059
7060
7074
7083
7099
7103
7104
7121
7123
7125
7126
7139
7143
7145
7162
7163
7170
7195
7204
7205
7208
7215
7222
7246
7249
7264
7274
7275
7289
7294
7297
7317
7318
7322
7334
7339
7347
7363
7364
7372
7447
7455
7470
7483
7490
7531
7539
7542
7547
7556
7557
7569
7570
7573
7577
7593
7597
7598
7608
7611
7618
7654
7673
7691
7710
7715
7716
7726
7728
7734
7771
7773
7775
7776
7786
7787
7788
7790
7793
7796
7803
7820
7821
7839
7870
7874
7875
7877
7898
7906
7907
7917
7923
7927
7934
7939
7944
7960
7978
7985
8004
8006
8030
8031
8032
8035
8040
8067
8077
8078
8082
8093
8097
8111
8118
8119
8124
8131
8133
8136
8157
8161
8165
8173
8193
8199
8200
8205
8216
8235
8240
8243
8258
8264
8266
8286
8288
8303
8305
8336
8338
8341
8345
8370
8383
8384
8386
8388
8396
8399
8402
8418
8449
8455
8456
8464
8468
8471
8488
8494
8496
8499
8500
8512
8530
8536
8537
8539
8543
8544
8547
8551
8562
8596
8612
8613
8624
8625
8629
8633
8640
8642
8650
8654
8663
8670
8689
8691
8695
8710
8712
8716
8721
8752
8759
8767
8768
8773
8790
8791
8806
8809
8821
8841
8859
8862
8870
8885
8893
8905
8918
8924
8928
8956
8963
8971
8993
8998
9002
9005
9006
9007
9020
9036
9040
9045
9048
9054
9065
9090
9093
9096
9101
9105
9106
9111
9122
9126
9138
9147
9160
9164
9177
9179
9180
9183
9192
9197
9202
9207
9208
9219
9223
9226
9230
9246
9247
9249
9254
9260
9262
9263
9269
9273
9278
9279
9286
9308
9311
9312
9334
9337
9340
9361
9372
9381
9385
9393
9395
9398
9401
9406
9429
9440
9446
9456
9462
9469
9470
9493
9496
9506
9514
9517
9525
9529
9530
9534
9537
9549
9550
9555
9560
9568
9574
9578
9585
9591
9603
9615
9616
9621
9631
9637
9643
9644
9664
9665
9672
9695
9707
9719
9725
9727
9728
9731
9732
9735
9739
9754
9756
9763
9770
9782
9799
9801
9807
9812
9828
9848
9858
9861
9863
9870
9881
9886
9897
9903
9906
9927
9934
9940
9947
9953
9957
9964
9969
9992

1class
3
5
14
15
19
31
38
48
53
54
56
61
68
72
75
84
90
93
94
98
104
107
112
120
132
142
143
151
156
160
178
179
192
196
213
216
219
220
221
224
225
237
238
240
242
247
248
255
262
271
272
277
278
288
314
315
316
319
329
331
339
340
341
342
353
362
363
366
368
380
381
388
390
395
404
405
420
435
439
449
452
456
467
472
474
477
500
506
510
518
520
524
537
538
543
569
577
584
588
599
600
602
610
622
628
643
647
653
658
664
679
684
724
741
742
745
750
754
755
759
769
779
785
793
796
802
808
821
850
865
866
874
877
893
904
914
915
925
930
934
949
958
960
964
969
970
994
997
1001
1018
1034
1037
1038
1041
1044
1047
1052
1072
1087
1093
1099
1103
1106
1132
1135
1156
1157
1172
1179
1191
1216
1243
1248
1249
1262
1265
1269
1277
1279
1303
1316
1318
1334
1336
1346
1354
1356
1357
1365
1371
1375
1385
1389
1394
1395
1407
1414
1417
1426
1431
1442
1450
1455
1466
1475
1477
1490
1497
1508
1509
1511
1528
1547
1549
1568
1585
1590
1607
1610
1612
1615
1627
1632
1637
1649
1651
1654
1692
1699
1704
1707
1710
1714
1716
1717
1739
1749
1759
1769
1788
1807
1810
1815
1817
1818
1828
1832
1839
1852
1878
1880
1886
1914
1917
1918
1924
1928
1929
1933
1941
1952
1961
1968
1969
1977
1978
1994
1997
2006
2010
2013
2017
2041
2048
2050
2051
2091
2096
2100
2109
2112
2113
2129
2131
2157
2160
2165
2188
2198
2203
2204
2212
2214
2222
2244
2261
2272
2273
2279
2283
2287
2289
2296
2323
2332
2333
2338
2340
2360
2363
2365
2378
2387
2389
2394
2395
2398
2412
2422
2424
2432
2444
2458
2461
2467
2469
2481
2484
2489
2495
2501
2507
2526
2528
2529
2542
2543
2552
2554
2561
2568
2572
2579
2583
2585
2597
2633
2646
2660
2678
2684
2702
2707
2709
2710
2712
2713
2717
2728
2743
2744
2757
2768
2779
2790
2793
2794
2798
2808
2809
2816
2858
2869
2878
2881
2883
2885
2891
2901
2910
2928
2938
2948
2951
2953
2955
2960
2969
2971
2974
2978
2986
2988
3014
3032
3033
3050
3056
3064
3074
3091
3096
3107
3110
3113
3114
3116
3119
3120
3126
3127
3130
3148
3156
3157
3165
3185
3186
3199
3206
3219
3222
3227
3236
3237
3243
3245
3266
3271
3273
3288
3290
3307
3311
3319
3330
3332
3343
3354
3360
3363
3380
3392
3394
3409
3418
3460
3463
3469
3470
3472
3477
3478
3484
3491
3505
3506
3509
3511
3530
3533
3535
3546
3557
3562
3585
3616
3625
3635
3657
3666
3676
3677
3680
3690
3697
3701
3707
3734
3759
3782
3795
3806
3815
3819
3823
3829
3839
3840
3842
3845
3848
3849
3856
3861
3863
3871
3875
3885
3887
3893
3894
3897
3903
3916
3917
3921
3924
3938
3939
3952
3960
3967
3968
3977
3984
3985
3989
3990
4002
4006
4024
4035
4042
4043
4053
4054
4057
4058
4074
4075
4076
4080
4090
4092
4097
4104
4107
4117
4122
4124
4128
4129
4145
4146
4152
4155
4162
4170
4177
4186
4188
4201
4205
4206
4209
4216
4233
4250
4252
4254
4266
4271
4274
4276
4295
4322
4323
4324
4332
4362
4402
4409
4413
4419
4430
4431
4448
4462
4479
4481
4532
4533
4534
4539
4550
4551
4556
4569
4581
4585
4588
4594
4599
4600
4601
4602
4603
4605
4613
4621
4622
4636
4644
4648
4649
4679
4682
4685
4706
4708
4716
4724
4728
4738
4739
4746
4748
4750
4757
4771
4776
4787
4809
4819
4825
4835
4836
4838
4872
4882
4887
4890
4896
4901
4922
4946
4950
4965
4972
4975
5007
5028
5036
5043
5046
5072
5074
5076
5087
5088
5090
5091
5093
5094
5104
5110
5111
5115
5117
5119
5125
5135
5140
5146
5163
5168
5172
5183
5191
5201
5235
5250
5257
5288
5294
5299
5352
5357
5360
5382
5387
5388
5408
5437
5453
5457
5472
5479
5485
5495
5505
5533
5545
5549
5557
5569
5575
5586
5590
5622
5630
5643
5655
5662
5666
5670
5679
5684
5724
5726
5749
5772
5777
5793
5796
5819
5820
5836
5837
5840
5859
5863
5879
5880
5913
5918
5923
5945
5952
5953
5954
5958
5963
5972
5976
5977
5990
6001
6002
6009
6014
6019
6045
6049
6082
6092
6118
6119
6126
6136
6159
6161
6162
6166
6171
6176
6177
6183
6185
6194
6223
6234
6242
6248
6252
6259
6266
6289
6311
6329
6348
6351
6353
6354
6361
6363
6369
6381
6387
6390
6395
6409
6410
6415
6417
6420
6432
6441
6445
6458
6469
6476
6484
6495
6504
6510
6521
6523
6532
6535
6555
6561
6570
6580
6587
6595
6596
6600
6611
6614
6622
6625
6629
6631
6638
6639
6658
6667
6670
6676
6693
6695
6708
6723
6727
6730
6735
6741
6749
6752
6753
6757
6763
6790
6797
6807
6826
6833
6835
6841
6845
6846
6854
6858
6880
6897
6901
6905
6908
6920
6930
6931
6936
6939
6956
6958
6975
6988
6996
7001
7002
7017
7039
7040
7050
7056
7058
7071
7079
7085
7088
7105
7120
7132
7136
7142
7144
7161
7165
7180
7202
7203
7209
7214
7217
7231
7251
7255
7273
7281
7285
7287
7313
7314
7319
7321
7331
7333
7343
7350
7370
7377
7378
7397
7403
7410
7418
7427
7434
7443
7448
7449
7457
7468
7472
7473
7491
7497
7499
7503
7509
7513
7518
7519
7523
7533
7543
7552
7558
7559
7560
7580
7584
7592
7594
7595
7599
7621
7632
7635
7649
7667
7669
7671
7674
7679
7684
7692
7698
7706
7741
7745
7748
7770
7784
7795
7802
7805
7826
7827
7872
7878
7892
7893
7896
7900
7903
7918
7920
7925
7930
7940
7942
7943
7948
7951
7956
7962
7987
7994
7999
8011
8016
8024
8025
8038
8047
8061
8080
8084
8085
8086
8092
8109
8117
8130
8138
8143
8159
8183
8185
8191
8209
8213
8244
8272
8285
8289
8294
8299
8307
8312
8334
8335
8347
8348
8350
8356
8368
8374
8380
8381
8390
8404
8409
8412
8417
8446
8465
8477
8478
8479
8486
8503
8516
8521
8534
8538
8548
8554
8555
8565
8566
8574
8589
8598
8614
8616
8618
8619
8622
8630
8645
8665
8676
8690
8699
8711
8713
8725
8729
8748
8766
8771
8772
8776
8781
8786
8795
8802
8812
8845
8847
8853
8858
8867
8873
8889
8900
8903
8923
8926
8933
8938
8957
8961
8964
8972
8973
8995
9001
9009
9010
9011
9014
9033
9035
9043
9047
9052
9055
9057
9062
9109
9150
9151
9159
9162
9193
9194
9196
9201
9204
9205
9222
9227
9232
9251
9256
9277
9283
9285
9288
9297
9298
9306
9323
9328
9332
9341
9342
9348
9353
9357
9369
9373
9375
9377
9382
9384
9400
9402
9416
9418
9425
9437
9439
9442
9444
9452
9455
9461
9476
9479
9491
9503
9513
9546
9551
9552
9576
9580
9605
9608
9619
9625
9630
9633
9640
9654
9662
9681
9684
9689
9696
9698
9723
9775
9777
9780
9803
9809
9813
9820
9837
9849
9860
9875
9883
9893
9911
9938
9946
9959
9981
9983
9986
9989

2class
7
10
25
29
33
42
52
57
60
65
66
77
79
82
97
124
127
134
138
141
149
157
159
167
169
184
190
193
202
234
243
245
253
259
268
269
280
286
289
295
306
308
311
312
321
330
336
338
346
378
385
403
423
428
442
444
448
475
476
487
489
497
507
513
517
528
545
549
551
554
557
558
560
561
575
580
586
591
596
616
620
623
634
640
651
652
656
682
685
688
690
692
697
701
712
713
718
726
730
734
737
747
753
757
758
762
764
771
774
775
776
781
788
790
792
799
812
824
828
829
830
831
840
845
852
859
864
868
876
880
883
912
920
923
928
932
941
944
962
968
971
972
973
989
996
999
1003
1023
1048
1061
1070
1073
1075
1079
1080
1084
1086
1095
1098
1108
1112
1114
1119
1127
1131
1137
1141
1142
1143
1167
1173
1183
1185
1196
1204
1207
1211
1217
1230
1232
1241
1244
1251
1253
1261
1276
1282
1286
1287
1288
1291
1294
1298
1299
1304
1306
1309
1312
1315
1321
1323
1343
1344
1353
1363
1367
1372
1381
1397
1403
1438
1441
1448
1453
1456
1457
1463
1468
1471
1476
1489
1492
1504
1516
1517
1518
1532
1535
1552
1553
1560
1565
1579
1584
1588
1596
1600
1606
1620
1630
1634
1636
1640
1647
1653
1657
1660
1665
1669
1671
1677
1701
1732
1736
1740
1750
1762
1765
1791
1796
1797
1799
1820
1831
1833
1836
1837
1841
1864
1872
1873
1890
1891
1893
1896
1899
1915
1916
1922
1946
1948
1975
1982
1999
2000
2002
2003
2015
2020
2043
2045
2064
2065
2071
2072
2088
2090
2097
2104
2114
2117
2120
2126
2127
2133
2134
2139
2145
2164
2169
2183
2187
2211
2230
2238
2240
2248
2252
2263
2286
2295
2297
2302
2303
2307
2324
2337
2344
2366
2367
2371
2373
2374
2375
2382
2391
2403
2405
2408
2428
2430
2431
2434
2436
2447
2449
2450
2466
2472
2477
2482
2485
2491
2494
2503
2506
2509
2513
2520
2521
2534
2546
2553
2563
2567
2571
2576
2590
2594
2604
2606
2609
2610
2618
2621
2629
2653
2658
2670
2708
2719
2720
2730
2732
2733
2738
2751
2752
2772
2775
2778
2783
2812
2815
2821
2829
2831
2840
2845
2856
2866
2867
2882
2884
2889
2896
2902
2905
2926
2929
2934
2970
2972
2973
2982
2985
2990
2994
2995
2997
2998
3002
3007
3008
3011
3012
3021
3022
3025
3029
3047
3068
3072
3093
3106
3112
3142
3144
3149
3158
3160
3167
3168
3169
3173
3179
3184
3189
3190
3194
3195
3212
3232
3248
3252
3255
3258
3261
3280
3284
3287
3300
3302
3308
3312
3313
3321
3334
3340
3344
3351
3365
3370
3371
3374
3375
3391
3398
3413
3414
3415
3417
3421
3423
3430
3446
3448
3453
3458
3473
3474
3475
3483
3485
3494
3496
3500
3504
3520
3526
3527
3528
3550
3588
3614
3637
3639
3643
3644
3687
3694
3695
3706
3708
3710
3714
3715
3719
3723
3727
3758
3769
3770
3772
3773
3774
3776
3780
3788
3791
3800
3812
3813
3859
3867
3869
3891
3896
3913
3923
3927
3945
3965
3972
3975
3993
3998
4015
4017
4018
4025
4033
4050
4073
4083
4087
4095
4100
4102
4119
4134
4151
4157
4160
4161
4179
4189
4198
4204
4213
4220
4230
4237
4258
4259
4263
4265
4283
4288
4290
4297
4307
4308
4309
4317
4321
4330
4333
4337
4339
4351
4354
4365
4366
4378
4385
4390
4396
4403
4406
4411
4422
4438
4447
4450
4451
4457
4458
4465
4474
4486
4487
4492
4496
4500
4510
4517
4526
4536
4549
4558
4573
4591
4617
4623
4631
4634
4635
4637
4647
4658
4674
4676
4688
4691
4695
4701
4702
4711
4712
4713
4714
4717
4730
4731
4733
4734
4740
4752
4763
4764
4781
4783
4795
4810
4816
4821
4829
4831
4845
4848
4852
4861
4862
4873
4874
4876
4879
4889
4893
4897
4906
4910
4914
4916
4921
4924
4930
4935
4954
4955
4956
4961
4976
4982
4985
4998
5000
5001
5006
5018
5019
5025
5033
5052
5054
5065
5081
5084
5086
5089
5121
5122
5126
5136
5145
5150
5155
5160
5170
5190
5192
5200
5210
5212
5218
5222
5226
5227
5230
5236
5247
5253
5255
5266
5274
5278
5281
5295
5302
5313
5320
5331
5332
5335
5351
5379
5390
5392
5409
5416
5417
5424
5439
5449
5451
5456
5459
5460
5467
5469
5475
5477
5486
5504
5507
5509
5510
5512
5522
5525
5526
5528
5552
5556
5573
5579
5594
5613
5617
5624
5628
5629
5632
5636
5650
5654
5681
5682
5685
5692
5694
5717
5718
5750
5755
5757
5760
5769
5781
5790
5805
5806
5818
5839
5845
5853
5854
5856
5887
5888
5893
5912
5930
5946
5951
5960
5970
5984
5994
6005
6036
6040
6047
6065
6072
6077
6081
6087
6100
6101
6109
6117
6120
6122
6124
6135
6138
6139
6144
6146
6155
6156
6175
6179
6181
6196
6198
6201
6206
6229
6233
6235
6257
6272
6276
6277
6279
6286
6301
6303
6304
6306
6315
6316
6321
6323
6343
6346
6352
6358
6362
6377
6382
6386
6397
6398
6403
6407
6419
6422
6424
6431
6434
6453
6454
6457
6462
6464
6470
6472
6482
6483
6485
6506
6508
6513
6514
6520
6528
6529
6546
6552
6557
6589
6624
6632
6646
6648
6662
6680
6700
6702
6707
6716
6729
6734
6742
6747
6769
6771
6776
6780
6788
6794
6795
6798
6804
6812
6834
6837
6838
6844
6853
6859
6863
6874
6893
6904
6906
6909
6913
6915
6919
6926
6944
6945
6955
6972
6973
6978
6980
6984
7010
7019
7036
7038
7041
7047
7064
7067
7077
7093
7101
7106
7112
7117
7127
7141
7147
7154
7157
7160
7174
7186
7187
7188
7193
7197
7206
7216
7229
7235
7244
7250
7252
7258
7262
7269
7277
7283
7284
7291
7296
7301
7327
7328
7361
7367
7373
7379
7380
7420
7421
7425
7439
7444
7450
7451
7454
7460
7463
7466
7478
7488
7492
7493
7502
7507
7510
7520
7524
7526
7535
7538
7541
7554
7572
7578
7586
7600
7601
7603
7606
7623
7626
7628
7634
7640
7644
7656
7665
7681
7683
7689
7694
7702
7713
7719
7732
7737
7750
7751
7755
7779
7783
7789
7791
7794
7798
7804
7814
7824
7829
7830
7833
7844
7879
7881
7890
7897
7909
7910
7922
7928
7976
7980
7983
7991
7996
8001
8008
8020
8028
8029
8033
8044
8046
8048
8051
8052
8059
8062
8071
8072
8098
8104
8107
8121
8125
8126
8154
8170
8171
8172
8184
8188
8202
8203
8204
8208
8221
8233
8248
8249
8255
8260
8262
8269
8271
8276
8309
8314
8316
8318
8320
8323
8326
8327
8330
8332
8340
8351
8355
8358
8362
8365
8371
8376
8387
8403
8416
8419
8420
8424
8442
8448
8461
8462
8466
8481
8483
8501
8511
8514
8517
8526
8531
8549
8560
8567
8572
8581
8583
8584
8603
8627
8641
8643
8649
8651
8653
8656
8661
8667
8671
8677
8678
8687
8688
8697
8702
8708
8724
8733
8744
8745
8749
8750
8756
8769
8775
8784
8788
8803
8808
8814
8823
8829
8830
8831
8832
8849
8856
8869
8871
8876
8890
8892
8896
8897
8904
8907
8922
8927
8941
8944
8951
8952
8953
8966
8976
8981
8983
8986
8987
8988
8997
9000
9003
9013
9022
9023
9026
9029
9031
9032
9034
9038
9041
9050
9053
9058
9059
9064
9066
9068
9071
9073
9077
9086
9104
9115
9119
9142
9143
9146
9153
9154
9156
9161
9165
9166
9182
9190
9203
9216
9220
9224
9228
9234
9238
9240
9265
9267
9271
9280
9291
9292
9303
9304
9317
9320
9327
9335
9345
9352
9367
9370
9374
9383
9387
9412
9414
9415
9421
9431
9433
9436
9450
9464
9467
9477
9478
9480
9482
9488
9492
9494
9498
9499
9502
9510
9520
9527
9542
9556
9581
9582
9584
9587
9588
9589
9590
9593
9606
9609
9612
9614
9622
9624
9627
9635
9645
9657
9668
9673
9676
9677
9678
9691
9694
9711
9722
9724
9749
9783
9797
9802
9804
9810
9811
9835
9839
9840
9842
9854
9857
9866
9882
9884
9887
9907
9908
9917
9918
9920
9926
9935
9951
9960
9961
9965
9966
9973
9984
9985
9990
9993
9996
9998
9999

3class
4
12
22
40
44
67
88
95
145
148
150
180
198
226
235
241
260
275
285
287
290
294
296
313
323
335
350
359
361
429
458
459
481
492
493
498
502
535
536
540
541
546
548
564
566
571
573
595
617
618
619
627
654
661
676
686
702
733
743
744
784
791
798
803
806
807
820
837
861
862
870
879
889
894
896
909
922
933
940
943
945
975
995
998
1006
1008
1016
1068
1090
1091
1102
1107
1120
1121
1154
1161
1164
1165
1174
1190
1209
1221
1231
1242
1247
1256
1274
1308
1314
1326
1329
1339
1350
1355
1380
1400
1406
1418
1421
1427
1479
1519
1559
1586
1599
1603
1605
1624
1638
1652
1663
1666
1679
1685
1700
1708
1719
1742
1752
1754
1768
1776
1784
1790
1795
1800
1806
1825
1829
1856
1859
1860
1869
1879
1883
1889
1898
1905
1906
1908
1959
1970
1976
1981
1986
1990
1995
2028
2037
2044
2049
2054
2058
2059
2066
2075
2110
2137
2138
2141
2154
2167
2170
2185
2202
2257
2259
2267
2294
2299
2349
2350
2351
2355
2379
2409
2418
2419
2421
2441
2443
2448
2475
2480
2487
2505
2512
2515
2516
2544
2551
2577
2616
2623
2630
2631
2665
2697
2698
2721
2759
2763
2766
2786
2797
2826
2832
2841
2847
2872
2935
2940
2945
2956
2967
3041
3067
3079
3115
3121
3122
3129
3143
3153
3170
3210
3234
3239
3240
3246
3250
3254
3293
3295
3296
3303
3316
3335
3346
3372
3434
3436
3461
3466
3499
3519
3547
3559
3571
3574
3578
3584
3599
3601
3612
3613
3620
3624
3647
3652
3658
3670
3692
3705
3717
3718
3721
3722
3736
3743
3748
3749
3762
3764
3790
3793
3796
3808
3816
3817
3824
3831
3833
3843
3844
3852
3865
3881
3886
3959
3964
3971
3974
3992
4000
4013
4041
4044
4048
4055
4065
4086
4123
4131
4147
4153
4180
4183
4192
4239
4264
4269
4273
4275
4292
4293
4298
4301
4318
4320
4329
4341
4342
4345
4358
4361
4370
4387
4388
4449
4461
4472
4478
4488
4489
4497
4506
4519
4529
4559
4567
4584
4596
4598
4627
4643
4653
4692
4704
4747
4767
4768
4782
4792
4871
4875
4881
4888
4933
4948
4963
4973
4978
4979
4989
4994
5027
5040
5041
5051
5071
5077
5096
5099
5109
5116
5120
5123
5127
5141
5180
5214
5233
5248
5269
5271
5286
5291
5292
5301
5309
5311
5312
5318
5319
5321
5334
5367
5368
5373
5374
5380
5385
5395
5397
5407
5422
5428
5433
5440
5442
5462
5466
5471
5474
5524
5539
5554
5568
5570
5581
5583
5595
5612
5614
5659
5660
5676
5691
5695
5704
5715
5720
5723
5727
5732
5739
5741
5742
5743
5746
5747
5766
5767
5775
5846
5857
5861
5902
5905
5943
5964
5975
5987
5998
6011
6016
6035
6057
6060
6076
6084
6098
6108
6110
6114
6131
6140
6151
6154
6158
6160
6173
6195
6205
6215
6228
6238
6258
6264
6270
6275
6327
6331
6342
6372
6374
6421
6426
6452
6460
6468
6471
6475
6487
6501
6503
6540
6548
6553
6554
6560
6562
6563
6565
6567
6575
6577
6582
6598
6607
6619
6647
6655
6664
6665
6678
6686
6714
6728
6731
6770
6773
6796
6821
6836
6842
6843
6855
6879
6882
6883
6900
6912
6962
6965
6986
6993
7015
7021
7024
7029
7031
7037
7044
7048
7049
7055
7057
7072
7084
7102
7140
7182
7226
7227
7240
7253
7270
7278
7307
7309
7336
7342
7366
7376
7391
7405
7409
7416
7430
7431
7452
7459
7461
7462
7479
7514
7517
7525
7548
7562
7565
7576
7583
7585
7637
7638
7664
7705
7721
7742
7761
7785
7818
7832
7835
7866
7876
7883
7884
7887
7931
7945
7967
7969
7989
8027
8053
8063
8064
8075
8079
8081
8089
8102
8112
8127
8132
8137
8139
8147
8155
8175
8177
8186
8187
8197
8215
8217
8224
8241
8252
8281
8284
8301
8302
8311
8315
8322
8324
8325
8329
8359
8364
8375
8395
8398
8400
8415
8422
8447
8452
8482
8485
8490
8498
8504
8532
8553
8556
8558
8568
8570
8575
8578
8582
8588
8639
8646
8662
8673
8674
8684
8704
8706
8728
8761
8779
8792
8798
8824
8825
8833
8839
8842
8886
8888
8895
8908
8919
8967
8974
8978
8990
8991
8992
8996
9024
9039
9061
9076
9088
9094
9097
9107
9120
9127
9148
9172
9173
9174
9176
9215
9217
9229
9274
9284
9289
9293
9321
9333
9346
9356
9359
9394
9408
9410
9441
9447
9454
9472
9483
9497
9509
9532
9533
9553
9558
9570
9572
9577
9594
9595
9607
9618
9623
9632
9638
9646
9652
9671
9688
9692
9704
9714
9729
9733
9734
9737
9742
9766
9781
9790
9791
9792
9795
9869
9874
9880
9889
9890
9902
9925
9928
9932
9936
9988
9994

4class
1
6
8
11
20
21
24
30
35
51
64
83
85
87
99
102
115
119
129
140
158
182
188
197
223
229
233
244
246
256
273
292
297
318
326
327
334
343
354
358
364
374
376
396
414
416
421
443
446
451
464
478
480
482
491
508
511
525
527
530
531
547
553
565
574
592
611
615
624
625
646
649
650
669
673
674
687
689
703
708
720
723
727
731
738
748
761
763
765
767
772
794
797
836
841
853
858
881
899
901
907
917
919
927
948
950
952
953
974
981
982
986
990
1004
1015
1033
1042
1045
1050
1051
1056
1057
1069
1122
1123
1124
1129
1138
1151
1153
1159
1160
1168
1169
1182
1188
1194
1205
1208
1210
1213
1222
1225
1239
1257
1260
1263
1285
1289
1292
1295
1296
1301
1319
1341
1362
1376
1378
1386
1404
1413
1415
1422
1433
1461
1472
1474
1481
1484
1486
1498
1499
1500
1502
1507
1514
1541
1545
1554
1571
1573
1577
1589
1601
1622
1626
1661
1672
1673
1680
1703
1712
1718
1722
1726
1735
1747
1757
1763
1775
1786
1792
1798
1803
1805
1824
1826
1838
1846
1847
1855
1874
1888
1909
1913
1938
1965
1967
1983
1984
1989
2001
2014
2019
2025
2027
2032
2033
2036
2052
2063
2081
2083
2085
2087
2098
2101
2103
2105
2118
2122
2123
2136
2159
2177
2178
2190
2197
2200
2201
2208
2213
2215
2219
2223
2226
2227
2236
2239
2250
2251
2260
2266
2275
2308
2313
2320
2321
2334
2339
2361
2383
2385
2386
2397
2401
2420
2425
2451
2452
2453
2454
2455
2462
2470
2519
2523
2533
2535
2537
2545
2556
2565
2586
2598
2599
2600
2617
2622
2640
2647
2656
2663
2666
2672
2673
2688
2691
2731
2745
2746
2750
2760
2762
2764
2803
2805
2810
2811
2854
2892
2898
2906
2908
2911
2922
2942
2950
2957
2981
2984
2993
3004
3026
3031
3042
3049
3051
3055
3061
3065
3069
3073
3077
3078
3089
3094
3118
3139
3161
3196
3218
3220
3225
3230
3251
3259
3263
3268
3279
3283
3298
3315
3323
3327
3328
3341
3350
3357
3366
3385
3400
3404
3411
3412
3424
3429
3459
3493
3501
3503
3507
3531
3532
3540
3548
3572
3579
3604
3610
3617
3619
3626
3630
3632
3642
3653
3654
3655
3660
3663
3672
3674
3675
3679
3681
3686
3688
3693
3729
3730
3731
3739
3746
3757
3768
3775
3781
3785
3794
3802
3804
3805
3820
3825
3827
3834
3850
3857
3868
3872
3876
3880
3882
3883
3905
3906
3908
3910
3930
3934
3935
3940
3948
3953
3955
3956
3969
3980
3982
3996
4022
4037
4060
4067
4082
4085
4096
4101
4108
4109
4135
4140
4148
4150
4154
4164
4166
4167
4181
4184
4199
4214
4215
4247
4261
4270
4286
4294
4343
4346
4350
4363
4364
4372
4375
4383
4384
4398
4405
4410
4415
4416
4427
4443
4454
4460
4466
4469
4470
4473
4482
4491
4495
4502
4508
4513
4524
4527
4531
4537
4541
4542
4561
4571
4572
4586
4590
4593
4614
4633
4639
4657
4659
4663
4671
4677
4680
4686
4720
4726
4736
4742
4770
4773
4778
4786
4788
4790
4811
4812
4813
4820
4828
4843
4860
4864
4869
4885
4892
4909
4911
4913
4918
4944
4947
4962
4974
4987
4992
4993
4999
5009
5015
5022
5039
5049
5059
5064
5070
5078
5102
5107
5112
5114
5130
5138
5149
5162
5164
5166
5169
5171
5174
5178
5194
5195
5203
5213
5215
5217
5228
5229
5231
5240
5242
5246
5249
5260
5265
5267
5270
5272
5333
5354
5363
5378
5383
5386
5391
5402
5406
5419
5420
5434
5436
5438
5444
5450
5461
5487
5503
5506
5514
5518
5527
5544
5546
5563
5574
5580
5601
5611
5635
5665
5677
5683
5686
5697
5701
5712
5713
5714
5716
5728
5756
5765
5776
5780
5783
5792
5807
5812
5813
5825
5829
5844
5881
5891
5904
5914
5915
5917
5925
5926
5933
5949
5967
5974
6010
6013
6028
6031
6044
6048
6054
6055
6058
6070
6088
6093
6094
6111
6113
6115
6145
6147
6153
6167
6169
6170
6191
6192
6203
6216
6220
6231
6250
6269
6273
6281
6283
6288
6295
6296
6300
6309
6312
6319
6320
6324
6326
6335
6336
6340
6349
6370
6416
6418
6423
6433
6435
6455
6481
6489
6502
6527
6536
6539
6544
6547
6559
6573
6576
6591
6592
6604
6606
6616
6633
6634
6643
6674
6694
6701
6703
6705
6715
6718
6733
6739
6740
6745
6750
6751
6755
6762
6802
6809
6820
6822
6823
6825
6839
6850
6861
6862
6866
6867
6887
6890
6894
6898
6902
6907
6922
6923
6933
6937
6941
6954
6968
6970
6992
7000
7005
7016
7035
7043
7054
7065
7068
7069
7080
7113
7116
7124
7130
7131
7149
7155
7168
7175
7178
7179
7183
7207
7210
7213
7220
7241
7247
7263
7267
7276
7286
7288
7306
7315
7324
7326
7341
7353
7358
7359
7362
7368
7369
7374
7382
7389
7394
7399
7412
7429
7436
7437
7438
7442
7469
7487
7504
7522
7549
7550
7553
7561
7566
7575
7587
7589
7604
7605
7609
7610
7613
7619
7620
7636
7650
7652
7657
7658
7659
7661
7663
7666
7677
7690
7703
7711
7712
7717
7727
7731
7735
7744
7749
7762
7765
7768
7772
7777
7808
7812
7853
7858
7871
7880
7895
7908
7919
7924
7938
7941
7950
7952
7955
7964
7965
7979
7982
7984
7988
7992
8014
8021
8037
8041
8043
8050
8060
8068
8087
8106
8129
8149
8162
8163
8168
8178
8206
8210
8223
8225
8227
8228
8238
8242
8256
8257
8270
8278
8280
8282
8298
8306
8310
8331
8337
8343
8361
8389
8397
8408
8425
8429
8434
8437
8438
8443
8460
8484
8487
8495
8502
8510
8523
8528
8533
8541
8552
8557
8559
8563
8576
8580
8592
8594
8597
8599
8601
8602
8621
8623
8628
8631
8637
8647
8658
8664
8682
8685
8686
8694
8698
8703
8715
8719
8722
8730
8747
8764
8777
8785
8799
8800
8807
8815
8826
8828
8835
8855
8860
8863
8864
8880
8912
8913
8920
8934
8980
9015
9018
9019
9037
9049
9072
9091
9098
9100
9116
9132
9133
9145
9157
9178
9188
9189
9191
9200
9212
9237
9253
9255
9264
9266
9282
9290
9296
9299
9315
9319
9343
9349
9355
9360
9363
9378
9399
9404
9405
9411
9426
9428
9432
9453
9457
9460
9463
9466
9468
9475
9484
9489
9505
9508
9516
9521
9539
9544
9545
9571
9575
9583
9597
9628
9648
9649
9651
9658
9667
9674
9680
9683
9699
9705
9710
9718
9720
9757
9771
9773
9778
9779
9796
9814
9816
9817
9823
9824
9825
9841
9844
9865
9872
9895
9899
9901
9924
9930
9937
9950
9958

5class
9
16
39
63
69
78
86
103
105
106
113
121
122
128
155
161
163
165
181
236
261
263
267
301
328
349
356
365
370
379
382
383
415
426
433
445
457
460
466
479
486
494
512
522
532
534
550
555
562
572
587
603
604
609
621
630
637
641
642
645
648
663
666
668
711
714
717
778
787
810
814
817
825
851
855
856
863
898
911
913
938
942
961
967
985
1020
1032
1055
1065
1077
1078
1094
1110
1111
1125
1139
1146
1152
1175
1176
1186
1203
1212
1214
1218
1219
1255
1331
1337
1342
1351
1358
1368
1374
1377
1384
1393
1409
1411
1420
1425
1428
1435
1439
1493
1515
1521
1523
1526
1542
1543
1548
1561
1562
1563
1569
1576
1587
1591
1604
1623
1633
1635
1641
1646
1655
1668
1670
1695
1706
1711
1723
1745
1746
1751
1755
1767
1778
1787
1812
1814
1827
1870
1885
1894
1904
1912
1937
1940
1942
1954
1964
1973
2005
2016
2018
2023
2024
2039
2056
2070
2095
2116
2125
2153
2191
2192
2194
2196
2235
2241
2249
2258
2269
2277
2280
2290
2311
2314
2318
2345
2393
2414
2423
2468
2473
2476
2490
2496
2499
2508
2522
2538
2539
2548
2557
2560
2562
2578
2588
2591
2593
2596
2602
2607
2608
2628
2634
2635
2654
2657
2668
2674
2675
2681
2692
2699
2703
2727
2737
2776
2780
2789
2813
2814
2818
2825
2836
2838
2844
2846
2855
2868
2871
2873
2877
2879
2888
2915
2939
2965
2979
2980
3010
3018
3027
3035
3057
3071
3076
3098
3125
3178
3181
3231
3242
3260
3262
3270
3272
3320
3325
3329
3338
3355
3377
3381
3383
3420
3425
3427
3445
3465
3476
3490
3495
3518
3529
3565
3569
3583
3590
3598
3611
3646
3671
3678
3724
3753
3786
3789
3809
3826
3851
3853
3870
3873
3874
3879
3889
3898
3912
3914
3941
3942
3950
3991
4007
4010
4019
4023
4038
4045
4047
4079
4081
4093
4098
4127
4133
4144
4149
4158
4163
4172
4176
4190
4208
4210
4219
4246
4248
4249
4289
4327
4338
4379
4391
4392
4414
4432
4436
4446
4468
4509
4520
4528
4547
4548
4553
4560
4610
4620
4638
4641
4656
4660
4662
4670
4675
4687
4689
4718
4722
4735
4743
4765
4772
4780
4785
4804
4817
4830
4839
4842
4863
4877
4886
4894
4899
4920
4925
4937
4969
4971
4977
4990
5011
5024
5050
5057
5073
5100
5118
5124
5143
5175
5182
5202
5207
5221
5238
5256
5264
5268
5297
5303
5305
5306
5308
5323
5328
5330
5356
5359
5364
5366
5369
5376
5394
5400
5421
5447
5468
5497
5516
5547
5548
5553
5584
5585
5592
5623
5644
5646
5656
5658
5669
5673
5678
5699
5702
5705
5710
5725
5778
5789
5797
5821
5831
5832
5847
5849
5883
5890
5909
5916
5921
5947
5957
5962
5968
5979
5991
6000
6027
6033
6037
6038
6051
6061
6074
6080
6102
6121
6125
6132
6134
6141
6164
6178
6184
6186
6189
6209
6214
6221
6222
6227
6244
6255
6256
6261
6262
6278
6298
6333
6334
6339
6347
6364
6367
6379
6384
6388
6389
6402
6406
6408
6430
6440
6477
6516
6531
6537
6566
6578
6584
6585
6588
6618
6626
6649
6651
6657
6672
6673
6677
6690
6699
6706
6709
6712
6713
6719
6726
6766
6767
6778
6786
6787
6803
6806
6818
6829
6851
6852
6870
6872
6877
6886
6888
6892
6899
6946
6948
6953
6969
7003
7008
7025
7046
7062
7097
7107
7108
7115
7134
7138
7146
7159
7164
7169
7176
7184
7189
7192
7211
7228
7243
7268
7272
7290
7293
7299
7302
7304
7323
7325
7329
7330
7337
7348
7351
7354
7385
7392
7395
7396
7401
7407
7422
7424
7428
7440
7441
7446
7453
7464
7476
7489
7496
7498
7505
7506
7563
7591
7614
7617
7625
7629
7646
7651
7668
7670
7672
7676
7701
7720
7754
7766
7780
7782
7809
7816
7851
7856
7859
7860
7865
7867
7868
7882
7894
7901
7911
7933
7946
7947
7970
7986
7993
8003
8007
8039
8054
8057
8066
8073
8083
8090
8096
8108
8146
8164
8169
8182
8189
8253
8259
8261
8263
8293
8297
8346
8352
8353
8360
8363
8369
8372
8426
8433
8509
8520
8529
8573
8579
8591
8595
8609
8615
8617
8648
8660
8668
8669
8672
8681
8683
8693
8705
8720
8727
8735
8736
8737
8739
8760
8765
8778
8782
8794
8810
8819
8834
8836
8843
8852
8854
8881
8884
8887
8891
8906
8910
8916
8931
8936
8940
8942
8946
8960
8985
9008
9016
9074
9083
9087
9095
9129
9134
9135
9155
9158
9168
9170
9195
9198
9206
9221
9225
9236
9242
9250
9257
9302
9313
9326
9330
9362
9365
9386
9413
9451
9465
9490
9512
9519
9523
9536
9538
9562
9566
9569
9600
9626
9629
9636
9647
9656
9659
9661
9670
9679
9685
9708
9713
9717
9738
9755
9759
9760
9762
9793
9798
9806
9808
9833
9851
9864
9871
9873
9876
9885
9888
9892
9896
9900
9941
9949
9952
9962
9979
10000

6class
18
32
34
46
74
80
126
133
146
164
166
175
186
200
207
211
230
254
266
282
284
300
304
305
332
348
369
384
387
389
402
406
418
424
430
432
434
436
437
455
462
470
471
483
485
514
521
523
544
559
567
570
576
606
635
639
660
665
671
694
705
740
752
766
782
805
813
816
823
826
833
838
839
842
847
857
869
871
872
885
890
892
903
905
935
946
947
955
959
965
976
991
993
1005
1007
1009
1014
1022
1029
1036
1043
1058
1063
1066
1067
1076
1081
1083
1085
1088
1092
1097
1116
1126
1136
1145
1147
1163
1178
1187
1192
1198
1201
1228
1259
1270
1278
1281
1293
1297
1300
1307
1313
1335
1349
1370
1392
1396
1410
1434
1465
1470
1473
1478
1483
1520
1527
1536
1557
1572
1595
1602
1611
1618
1621
1631
1639
1648
1676
1678
1681
1684
1686
1689
1694
1697
1698
1737
1748
1753
1770
1801
1808
1809
1823
1843
1849
1862
1866
1867
1875
1876
1919
1921
1939
1950
1951
1953
1956
1958
1972
1980
1987
1992
1996
2008
2009
2021
2026
2029
2031
2034
2053
2057
2060
2107
2115
2130
2132
2135
2151
2152
2155
2156
2161
2166
2168
2180
2193
2206
2216
2220
2221
2246
2247
2253
2254
2256
2262
2278
2291
2305
2312
2317
2325
2331
2348
2353
2359
2376
2377
2388
2390
2411
2429
2433
2457
2463
2465
2474
2478
2493
2498
2514
2527
2541
2589
2592
2615
2632
2636
2641
2651
2659
2667
2690
2693
2694
2722
2729
2734
2735
2742
2774
2781
2819
2822
2833
2834
2835
2837
2843
2848
2861
2864
2875
2880
2886
2890
2894
2907
2923
2927
2936
2949
2952
2989
2992
2999
3003
3038
3059
3070
3080
3085
3100
3111
3123
3146
3151
3154
3166
3191
3202
3204
3205
3209
3211
3213
3215
3229
3257
3274
3275
3278
3289
3292
3299
3306
3309
3314
3322
3333
3362
3364
3368
3376
3390
3393
3405
3410
3416
3419
3435
3441
3513
3514
3536
3541
3549
3551
3566
3587
3597
3603
3605
3633
3640
3650
3665
3668
3683
3699
3702
3711
3725
3740
3745
3761
3777
3798
3841
3854
3858
3862
3878
3888
3915
3932
3936
3937
3951
3957
3961
3976
3995
3999
4004
4005
4011
4014
4020
4026
4036
4068
4091
4094
4099
4105
4113
4115
4130
4142
4173
4175
4212
4217
4218
4225
4226
4228
4235
4240
4243
4251
4253
4260
4281
4282
4284
4304
4310
4311
4315
4331
4334
4349
4353
4355
4356
4400
4412
4420
4424
4440
4445
4453
4459
4480
4535
4538
4552
4575
4579
4587
4592
4606
4611
4616
4652
4681
4683
4707
4715
4721
4753
4758
4760
4769
4779
4800
4802
4814
4822
4841
4849
4867
4870
4905
4907
4931
4940
4960
4964
4967
4981
4991
4997
5003
5008
5017
5032
5034
5037
5038
5062
5063
5067
5085
5097
5113
5133
5137
5153
5154
5157
5161
5167
5176
5184
5196
5208
5209
5220
5225
5234
5241
5279
5310
5316
5337
5339
5340
5342
5350
5353
5355
5371
5372
5377
5389
5393
5398
5403
5411
5413
5418
5425
5427
5431
5441
5454
5465
5482
5496
5515
5519
5523
5529
5531
5534
5540
5541
5555
5558
5565
5597
5604
5606
5607
5620
5633
5645
5667
5675
5703
5736
5752
5762
5782
5786
5788
5804
5808
5810
5814
5815
5826
5830
5842
5858
5866
5868
5871
5875
5878
5885
5889
5894
5897
5907
5931
5932
5948
5981
5989
5992
6024
6029
6041
6042
6046
6066
6085
6095
6105
6127
6129
6133
6143
6150
6163
6188
6193
6200
6207
6210
6251
6254
6265
6287
6290
6310
6314
6317
6325
6356
6376
6396
6429
6436
6438
6444
6451
6490
6496
6497
6507
6511
6518
6525
6534
6550
6556
6568
6569
6593
6599
6609
6615
6623
6627
6628
6637
6659
6660
6675
6684
6710
6732
6736
6744
6756
6765
6772
6775
6783
6791
6792
6819
6832
6840
6875
6921
6924
6929
6966
6967
6976
6979
6983
6994
7020
7022
7030
7051
7053
7086
7089
7090
7109
7111
7118
7128
7133
7148
7150
7158
7167
7190
7194
7200
7201
7219
7233
7237
7239
7242
7260
7271
7280
7292
7300
7303
7310
7332
7335
7338
7357
7375
7386
7393
7415
7445
7458
7465
7467
7471
7477
7482
7486
7500
7501
7515
7516
7527
7529
7532
7534
7537
7540
7567
7581
7582
7596
7602
7615
7627
7631
7642
7647
7648
7660
7662
7675
7695
7704
7707
7723
7729
7747
7752
7753
7756
7757
7763
7767
7778
7781
7797
7801
7807
7815
7819
7822
7823
7828
7837
7838
7842
7854
7857
7862
7873
7886
7904
7905
7912
7926
7936
7937
7954
7958
7971
7977
7981
7990
7995
7998
8002
8005
8013
8015
8034
8042
8049
8058
8065
8088
8095
8100
8103
8122
8141
8142
8151
8152
8153
8158
8160
8174
8181
8194
8198
8211
8218
8229
8232
8234
8236
8246
8250
8267
8274
8279
8290
8292
8300
8308
8313
8317
8328
8333
8344
8349
8366
8373
8379
8393
8406
8410
8413
8421
8432
8435
8441
8451
8453
8454
8463
8469
8473
8474
8480
8491
8506
8507
8508
8513
8561
8590
8600
8610
8652
8655
8657
8666
8679
8692
8700
8707
8714
8755
8774
8783
8787
8793
8804
8811
8817
8822
8837
8838
8840
8857
8878
8883
8894
8930
8935
8939
8949
8955
8959
8962
8968
8975
8989
9004
9012
9021
9025
9078
9079
9081
9082
9103
9108
9117
9123
9140
9152
9167
9175
9184
9187
9199
9209
9210
9211
9213
9214
9231
9243
9258
9275
9295
9300
9310
9329
9354
9371
9376
9388
9390
9397
9422
9481
9485
9487
9495
9531
9559
9601
9604
9634
9639
9660
9666
9687
9697
9700
9702
9709
9716
9736
9744
9761
9769
9776
9785
9787
9794
9800
9818
9819
9826
9830
9852
9853
9867
9868
9878
9894
9905
9913
9915
9919
9921
9942
9943
9948
9967
9974
9980

7class
23
27
28
37
49
55
73
89
110
114
135
136
153
154
183
187
191
194
204
209
214
217
222
228
251
252
265
270
274
293
307
333
347
352
392
397
398
413
427
431
440
453
463
473
503
556
579
585
589
594
612
644
659
678
680
681
695
710
719
721
729
749
751
783
789
795
800
818
822
832
834
849
906
908
924
936
939
956
957
1010
1012
1026
1030
1062
1064
1109
1115
1117
1134
1148
1150
1158
1166
1170
1184
1195
1199
1206
1220
1223
1226
1233
1238
1266
1268
1280
1302
1311
1333
1340
1359
1360
1391
1402
1408
1412
1424
1436
1437
1446
1488
1513
1551
1567
1575
1582
1592
1594
1597
1613
1614
1645
1650
1659
1674
1683
1693
1702
1724
1764
1773
1793
1802
1816
1851
1868
1871
1881
1882
1887
1892
1895
1902
1903
1925
1936
1955
1998
2004
2011
2061
2069
2077
2080
2084
2094
2106
2108
2158
2163
2175
2179
2207
2231
2237
2255
2276
2281
2284
2298
2310
2316
2327
2347
2356
2370
2392
2396
2399
2407
2426
2438
2442
2446
2464
2486
2500
2524
2536
2558
2559
2564
2574
2581
2620
2626
2627
2642
2662
2686
2696
2705
2715
2726
2761
2765
2771
2784
2785
2800
2801
2830
2849
2853
2859
2862
2876
2887
2900
2913
2921
2930
2931
2946
2962
2966
2987
3006
3013
3017
3037
3040
3043
3052
3087
3095
3097
3133
3171
3172
3175
3176
3188
3197
3200
3203
3208
3217
3224
3228
3235
3256
3265
3291
3297
3304
3331
3339
3353
3358
3369
3373
3387
3388
3438
3464
3468
3512
3517
3543
3568
3577
3581
3589
3591
3592
3596
3607
3623
3638
3685
3700
3703
3716
3726
3728
3744
3747
3756
3767
3779
3784
3801
3803
3807
3821
3822
3846
3855
3877
3892
3901
3929
3943
3949
3954
3962
3963
3987
4001
4016
4032
4040
4051
4069
4072
4103
4114
4118
4125
4141
4159
4168
4169
4178
4193
4200
4223
4232
4234
4242
4245
4257
4267
4277
4285
4291
4316
4325
4328
4340
4368
4395
4404
4426
4439
4464
4467
4471
4483
4485
4523
4563
4565
4566
4570
4578
4604
4608
4612
4615
4624
4645
4650
4654
4664
4672
4690
4697
4699
4705
4723
4729
4741
4744
4759
4762
4777
4784
4796
4798
4799
4827
4847
4850
4878
4902
4917
4923
4928
4934
4938
4943
4951
4957
4958
4968
4983
4986
5013
5021
5023
5055
5056
5068
5069
5082
5092
5095
5098
5105
5108
5134
5142
5148
5159
5186
5187
5223
5239
5244
5280
5287
5300
5304
5315
5317
5358
5399
5401
5404
5412
5414
5429
5445
5446
5448
5452
5463
5470
5481
5484
5490
5494
5499
5502
5517
5520
5532
5535
5537
5559
5560
5564
5567
5571
5572
5587
5591
5598
5608
5626
5640
5647
5648
5687
5708
5721
5733
5744
5759
5764
5768
5779
5787
5794
5798
5801
5803
5811
5816
5817
5841
5864
5874
5892
5910
5911
5919
5924
5939
5944
5983
6008
6015
6021
6023
6026
6032
6034
6050
6052
6053
6059
6068
6071
6075
6078
6112
6149
6219
6232
6240
6267
6271
6293
6299
6302
6308
6322
6338
6341
6344
6350
6357
6359
6365
6366
6373
6393
6400
6404
6405
6425
6443
6446
6479
6480
6488
6498
6505
6515
6519
6533
6538
6545
6579
6586
6603
6605
6610
6641
6644
6650
6652
6666
6685
6722
6738
6743
6746
6759
6760
6779
6784
6793
6801
6814
6869
6878
6927
6928
6932
6934
6940
6961
6989
6995
6999
7006
7009
7011
7052
7063
7073
7092
7094
7096
7110
7122
7151
7156
7166
7172
7173
7177
7181
7191
7212
7223
7238
7279
7298
7311
7320
7340
7352
7356
7384
7388
7390
7404
7406
7435
7456
7475
7481
7485
7495
7546
7551
7555
7564
7574
7579
7588
7624
7633
7641
7645
7685
7686
7696
7697
7699
7718
7722
7738
7758
7774
7834
7836
7841
7843
7848
7852
7885
7914
7915
7916
7929
7935
7949
7957
7972
7973
7997
8000
8022
8056
8110
8116
8123
8140
8148
8195
8207
8220
8231
8273
8283
8319
8339
8357
8367
8392
8411
8414
8423
8427
8428
8430
8439
8475
8476
8497
8505
8518
8522
8527
8535
8545
8550
8571
8577
8587
8604
8605
8606
8607
8620
8626
8675
8701
8726
8732
8734
8742
8746
8751
8754
8770
8789
8816
8818
8844
8846
8851
8866
8868
8872
8875
8909
8917
8948
8950
8954
8965
8969
8970
8977
8999
9017
9027
9028
9051
9067
9113
9121
9125
9171
9186
9218
9248
9252
9261
9268
9270
9287
9324
9331
9358
9366
9368
9380
9391
9407
9409
9419
9424
9448
9458
9500
9504
9507
9524
9528
9535
9547
9557
9561
9565
9567
9592
9598
9599
9611
9655
9669
9690
9693
9712
9715
9726
9740
9746
9753
9764
9767
9768
9772
9774
9786
9789
9831
9843
9845
9862
9912
9914
9916
9923
9933
9956
9975
9976
9987
9991
9997

8class
13
36
50
62
92
100
118
125
130
147
152
185
189
195
203
205
208
227
231
250
264
299
303
325
357
360
373
386
394
401
407
411
419
450
461
468
469
488
490
496
529
533
552
578
583
593
605
636
677
693
700
722
746
760
768
773
777
804
809
815
819
835
873
875
878
882
897
900
902
916
926
937
963
979
987
1000
1021
1024
1046
1082
1089
1101
1113
1128
1200
1215
1227
1234
1250
1271
1272
1273
1275
1325
1338
1347
1348
1352
1364
1366
1373
1382
1383
1390
1398
1405
1443
1447
1454
1460
1485
1495
1501
1506
1534
1538
1539
1540
1581
1598
1609
1617
1642
1696
1720
1734
1741
1743
1758
1761
1766
1779
1783
1789
1811
1813
1830
1834
1835
1842
1845
1854
1884
1910
1927
1931
1932
1935
1944
1947
1962
1971
1974
2030
2038
2073
2074
2078
2089
2092
2099
2142
2148
2162
2172
2173
2174
2176
2181
2182
2199
2210
2217
2229
2234
2268
2271
2300
2319
2342
2343
2354
2368
2402
2406
2415
2416
2456
2459
2460
2488
2492
2497
2504
2530
2531
2540
2547
2549
2555
2566
2570
2580
2582
2587
2603
2605
2611
2624
2639
2645
2648
2655
2671
2683
2700
2704
2706
2716
2739
2740
2747
2754
2782
2791
2796
2802
2804
2806
2820
2823
2827
2851
2863
2874
2895
2899
2904
2909
2912
2925
2932
2941
2958
2963
2977
3005
3016
3024
3030
3034
3036
3045
3048
3054
3062
3063
3066
3082
3083
3084
3099
3102
3103
3105
3108
3109
3128
3132
3134
3136
3138
3145
3163
3183
3192
3198
3226
3238
3249
3264
3277
3286
3294
3301
3305
3317
3336
3352
3361
3379
3386
3389
3396
3397
3406
3426
3431
3433
3439
3443
3444
3447
3451
3462
3467
3479
3492
3515
3516
3521
3522
3523
3524
3537
3556
3573
3580
3593
3602
3608
3609
3615
3636
3641
3661
3662
3682
3684
3689
3709
3713
3732
3741
3751
3754
3763
3771
3787
3792
3828
3836
3895
3899
3900
3904
3907
3911
3918
3922
3926
3928
3933
3944
3946
3966
3970
3979
3988
4028
4052
4056
4062
4063
4064
4070
4106
4120
4121
4137
4139
4165
4171
4185
4187
4194
4207
4229
4236
4255
4256
4272
4312
4335
4348
4352
4359
4369
4371
4373
4374
4377
4382
4386
4397
4399
4421
4435
4463
4484
4504
4505
4507
4514
4516
4521
4522
4530
4540
4546
4555
4557
4576
4577
4580
4589
4630
4632
4646
4651
4655
4669
4693
4694
4703
4732
4749
4751
4761
4794
4803
4806
4807
4832
4833
4834
4837
4840
4846
4856
4859
4865
4891
4904
4908
4912
4919
4927
4936
4941
4942
4949
4952
4984
4988
5002
5014
5031
5048
5080
5101
5188
5197
5206
5216
5219
5224
5261
5263
5273
5276
5277
5296
5307
5326
5327
5329
5338
5341
5344
5345
5381
5384
5430
5435
5458
5478
5480
5483
5488
5492
5500
5501
5508
5511
5521
5530
5551
5562
5578
5582
5588
5596
5603
5618
5619
5627
5637
5651
5652
5661
5663
5688
5693
5698
5707
5719
5729
5730
5738
5751
5753
5763
5771
5774
5785
5791
5800
5802
5809
5822
5835
5838
5848
5850
5851
5852
5862
5867
5869
5872
5877
5895
5896
5901
5903
5922
5928
5929
5934
5935
5940
5950
5955
5965
5966
5971
5988
5999
6004
6012
6022
6039
6056
6063
6064
6069
6073
6096
6097
6123
6152
6157
6168
6182
6190
6199
6208
6211
6218
6241
6247
6263
6297
6305
6307
6328
6337
6345
6371
6378
6401
6411
6413
6414
6428
6456
6461
6466
6491
6493
6494
6499
6522
6524
6542
6543
6549
6571
6572
6574
6581
6620
6621
6630
6635
6636
6640
6654
6656
6663
6668
6671
6698
6748
6754
6785
6808
6811
6815
6816
6824
6868
6873
6881
6885
6895
6910
6938
6959
6971
6974
6987
6991
6998
7013
7018
7034
7042
7061
7066
7075
7078
7081
7082
7091
7098
7119
7135
7137
7171
7196
7199
7218
7221
7224
7230
7232
7236
7248
7254
7259
7261
7266
7282
7295
7308
7312
7344
7345
7346
7349
7355
7365
7371
7383
7387
7398
7402
7408
7411
7413
7414
7417
7419
7423
7432
7433
7474
7480
7494
7511
7521
7530
7544
7545
7568
7590
7612
7622
7643
7653
7678
7682
7693
7700
7708
7725
7730
7736
7739
7740
7792
7810
7811
7813
7825
7831
7850
7861
7863
7869
7902
7921
7953
7959
7961
7963
7968
7975
8012
8017
8018
8019
8023
8026
8036
8045
8074
8076
8091
8094
8101
8105
8113
8114
8134
8144
8150
8156
8167
8179
8180
8196
8201
8212
8219
8230
8237
8239
8245
8275
8291
8295
8296
8304
8321
8354
8394
8401
8407
8431
8436
8440
8444
8445
8450
8457
8458
8459
8467
8470
8492
8493
8519
8524
8525
8540
8546
8585
8611
8634
8635
8636
8638
8644
8659
8696
8709
8717
8718
8723
8731
8738
8743
8757
8758
8763
8797
8801
8805
8813
8820
8827
8850
8877
8899
8902
8911
8914
8921
8932
8937
8943
8945
8947
8984
8994
9030
9042
9044
9046
9056
9060
9069
9070
9080
9085
9089
9092
9102
9110
9130
9131
9136
9137
9139
9141
9144
9149
9163
9169
9181
9185
9239
9241
9244
9259
9272
9276
9281
9294
9301
9305
9309
9314
9316
9322
9336
9339
9344
9347
9351
9389
9392
9396
9403
9420
9423
9427
9430
9434
9438
9443
9445
9471
9473
9474
9486
9501
9511
9515
9518
9540
9543
9548
9554
9563
9579
9596
9610
9617
9641
9642
9650
9653
9663
9682
9686
9701
9703
9706
9745
9748
9750
9765
9788
9815
9821
9822
9829
9832
9856
9877
9898
9904
9909
9910
9922
9931
9945
9968
9970
9972
9977
9995

9class
2
26
76
101
109
117
123
131
137
168
170
173
174
257
258
276
281
283
309
322
337
355
367
391
399
412
438
465
495
501
509
516
519
526
542
601
607
613
614
629
632
633
672
715
716
728
736
780
844
854
884
887
891
918
954
966
983
988
992
1011
1019
1027
1028
1035
1040
1074
1105
1118
1133
1155
1171
1193
1197
1229
1236
1240
1245
1246
1254
1258
1310
1322
1345
1369
1416
1419
1423
1429
1444
1445
1449
1451
1452
1462
1480
1482
1487
1491
1510
1529
1555
1558
1564
1580
1583
1619
1656
1667
1687
1688
1713
1721
1727
1728
1730
1738
1744
1756
1777
1780
1781
1782
1794
1840
1844
1848
1850
1853
1858
1865
1897
1901
1911
1934
1949
1979
1991
2047
2062
2068
2086
2093
2111
2121
2128
2147
2149
2205
2225
2264
2282
2292
2301
2309
2326
2328
2352
2364
2384
2404
2435
2437
2440
2471
2479
2511
2517
2525
2532
2575
2613
2619
2643
2644
2664
2669
2676
2677
2679
2687
2689
2701
2725
2736
2756
2770
2777
2787
2788
2792
2799
2817
2850
2865
2916
2919
2924
2944
2959
2964
2968
2983
3001
3044
3075
3090
3092
3117
3124
3140
3141
3147
3152
3159
3177
3180
3214
3216
3241
3244
3267
3276
3318
3345
3349
3359
3378
3402
3440
3449
3454
3456
3481
3482
3486
3488
3489
3510
3534
3561
3564
3575
3582
3600
3621
3651
3659
3712
3752
3765
3783
3811
3814
3830
3864
3890
3902
3920
3958
3978
3981
3994
3997
4003
4012
4021
4039
4066
4084
4088
4089
4110
4126
4138
4156
4195
4196
4211
4224
4227
4231
4279
4280
4296
4299
4302
4303
4344
4347
4360
4367
4381
4393
4401
4407
4417
4428
4437
4442
4444
4455
4493
4512
4543
4554
4595
4609
4618
4625
4628
4629
4665
4666
4673
4678
4710
4725
4737
4755
4766
4774
4797
4805
4818
4824
4826
4853
4855
4858
4880
4883
4900
4932
4945
4953
4995
5012
5029
5030
5035
5042
5103
5106
5128
5131
5144
5147
5151
5173
5179
5181
5193
5199
5204
5251
5282
5284
5324
5347
5349
5362
5365
5370
5396
5410
5476
5498
5566
5576
5605
5642
5653
5657
5700
5706
5740
5745
5758
5823
5828
5873
5884
5898
5900
5908
5942
5956
5969
5980
5986
5996
6006
6025
6030
6062
6103
6104
6106
6172
6197
6204
6212
6213
6225
6246
6253
6280
6282
6292
6313
6318
6360
6368
6375
6392
6394
6412
6459
6463
6465
6474
6478
6517
6564
6590
6602
6645
6679
6688
6689
6691
6692
6696
6711
6717
6720
6725
6774
6828
6830
6847
6849
6856
6857
6876
6889
6896
6903
6916
6917
6925
6952
6981
6990
7004
7027
7070
7076
7087
7095
7100
7114
7129
7152
7153
7185
7198
7225
7234
7245
7256
7257
7265
7305
7316
7360
7381
7400
7426
7484
7508
7512
7528
7536
7571
7607
7616
7630
7639
7655
7680
7687
7688
7709
7714
7724
7733
7743
7746
7759
7760
7764
7769
7799
7800
7806
7817
7840
7845
7846
7847
7849
7855
7864
7888
7889
7891
7899
7913
7932
7966
7974
8009
8010
8055
8069
8070
8099
8115
8120
8128
8135
8145
8166
8176
8190
8192
8214
8222
8226
8247
8251
8254
8265
8268
8277
8287
8342
8377
8378
8382
8385
8391
8405
8472
8489
8515
8542
8564
8569
8586
8593
8608
8632
8680
8740
8741
8753
8762
8780
8796
8848
8861
8865
8874
8879
8882
8898
8901
8915
8925
8929
8958
8979
8982
9063
9075
9084
9099
9112
9114
9118
9124
9128
9233
9235
9245
9307
9318
9325
9338
9350
9364
9379
9417
9435
9449
9459
9522
9526
9541
9564
9573
9586
9602
9613
9620
9675
9721
9730
9741
9743
9747
9751
9752
9758
9784
9805
9827
9834
9836
9838
9846
9847
9850
9855
9859
9879
9891
9929
9939
9944
9954
9955
9963
9971
9978
9982

