             precision    recall  f1-score   support

        0.0       0.41      0.68      0.51      1239
        1.0       1.00      0.67      0.80      1184
        2.0       0.34      0.49      0.40      1609
        3.0       0.84      0.82      0.83      2407
        4.0       0.79      0.56      0.66      2850
        5.0       0.41      0.40      0.41      2016
        6.0       0.54      0.23      0.32      1964
        7.0       1.00      0.76      0.86      3143
        8.0       0.60      0.75      0.67      1632
        9.0       0.62      1.00      0.76      1956

avg / total       0.69      0.64      0.64     20000
time15.7345380783