             precision    recall  f1-score   support

        0.0       0.74      1.00      0.85      1239
        1.0       1.00      0.67      0.80      1184
        2.0       1.00      1.00      1.00      1609
        3.0       0.73      0.82      0.77      2407
        4.0       1.00      1.00      1.00      2850
        5.0       1.00      0.41      0.58      2016
        6.0       0.80      0.81      0.81      1964
        7.0       0.82      0.63      0.71      3143
        8.0       0.68      1.00      0.81      1632
        9.0       0.71      1.00      0.83      1956

avg / total       0.85      0.82      0.81     20000
time4.96440601349