             precision    recall  f1-score   support

        0.0       0.74      1.00      0.85      1239
        1.0       1.00      1.00      1.00      1184
        2.0       0.51      1.00      0.68      1609
        3.0       0.72      0.82      0.77      2407
        4.0       1.00      1.00      1.00      2850
        5.0       0.67      0.41      0.51      2016
        6.0       1.00      0.63      0.77      1964
        7.0       0.85      0.75      0.79      3143
        8.0       1.00      0.75      0.86      1632
        9.0       1.00      1.00      1.00      1956

avg / total       0.85      0.82      0.82     20000
time0.28729391098