             precision    recall  f1-score   support

        0.0       0.74      1.00      0.85      1239
        1.0       1.00      1.00      1.00      1184
        2.0       1.00      1.00      1.00      1609
        3.0       0.86      1.00      0.93      2407
        4.0       1.00      1.00      1.00      2850
        5.0       1.00      0.60      0.75      2016
        6.0       0.81      0.81      0.81      1964
        7.0       1.00      0.75      0.86      3143
        8.0       0.77      0.75      0.76      1632
        9.0       0.71      1.00      0.83      1956

avg / total       0.90      0.88      0.88     20000
time7.40607404709