             precision    recall  f1-score   support

        0.0       1.00      1.00      1.00      1239
        1.0       1.00      1.00      1.00      1184
        2.0       0.81      1.00      0.90      1609
        3.0       0.75      1.00      0.86      2407
        4.0       1.00      1.00      1.00      2850
        5.0       1.00      0.81      0.90      2016
        6.0       1.00      0.81      0.89      1964
        7.0       1.00      0.88      0.94      3143
        8.0       0.76      0.75      0.76      1632
        9.0       1.00      1.00      1.00      1956

avg / total       0.94      0.92      0.92     20000
time9.40390300751