             precision    recall  f1-score   support

        0.0       1.00      1.00      1.00      1239
        1.0       1.00      1.00      1.00      1184
        2.0       0.68      1.00      0.81      1609
        3.0       1.00      1.00      1.00      2407
        4.0       0.88      1.00      0.94      2850
        5.0       1.00      0.41      0.58      2016
        6.0       1.00      0.81      0.89      1964
        7.0       0.85      0.75      0.80      3143
        8.0       0.61      0.75      0.67      1632
        9.0       0.83      1.00      0.91      1956

avg / total       0.88      0.86      0.85     20000
time6.30128407478