             precision    recall  f1-score   support

        0.0       0.65      0.64      0.65      1239
        1.0       1.00      0.67      0.80      1184
        2.0       0.50      1.00      0.67      1609
        3.0       0.66      0.65      0.65      2407
        4.0       0.61      0.86      0.71      2850
        5.0       0.67      0.41      0.51      2016
        6.0       0.61      0.63      0.62      1964
        7.0       0.78      0.48      0.60      3143
        8.0       1.00      0.50      0.67      1632
        9.0       0.83      1.00      0.91      1956

avg / total       0.72      0.68      0.67     20000
time64.1578240395