             precision    recall  f1-score   support

        0.0       0.44      1.00      0.61      1239
        1.0       1.00      1.00      1.00      1184
        2.0       1.00      0.75      0.86      1609
        3.0       0.71      0.82      0.76      2407
        4.0       1.00      1.00      1.00      2850
        5.0       1.00      0.41      0.58      2016
        6.0       1.00      0.81      0.89      1964
        7.0       1.00      0.88      0.94      3143
        8.0       0.76      0.75      0.76      1632
        9.0       0.82      1.00      0.90      1956

avg / total       0.89      0.84      0.84     20000
time1.91775417328